   1.000000          0.0000000E+00     0.0000000E+00 
  0.0000000E+00       1.000000         0.0000000E+00 
  0.0000000E+00      0.0000000E+00      1.000000     
                                                     
  0.8618034         -0.4253253         0.2763931     
  0.4253253          0.3090170        -0.8506509     
  0.2763932          0.8506509         0.4472135     
                                                     
  0.6381966         -0.2628655         0.7236068     
  0.2628655         -0.8090171        -0.5257311     
  0.7236067          0.5257311        -0.4472138     
                                                     
  0.4472135          0.0000000E+00    -0.8944272     
  0.0000000E+00      -1.000000         0.0000000E+00 
 -0.8944272          0.0000000E+00    -0.4472135     
                                                     
 -0.3618033          0.5877854         0.7236069     
  0.2628655          0.8090170        -0.5257313     
 -0.8944272         -2.9802322E-08    -0.4472135     
                                                     
  0.1381966          0.9510566        -0.2763933     
  0.4253254         -0.3090172        -0.8506509     
 -0.8944272          2.9802322E-08    -0.4472134     
                                                     
 -0.4472135          0.0000000E+00     0.8944272     
  0.0000000E+00      -1.000000         0.0000000E+00 
  0.8944272          0.0000000E+00     0.4472135     
                                                     
 -0.1381966          0.9510565         0.2763932     
 -0.4253253         -0.3090170         0.8506509     
  0.8944272          2.9802322E-08     0.4472135     
                                                     
  0.3618033         -0.5877854        -0.7236069     
  0.2628655          0.8090170        -0.5257313     
  0.8944272          2.9802322E-08     0.4472135     
                                                     
 -0.1381966         -0.9510566         0.2763933     
  0.4253254         -0.3090172        -0.8506509     
  0.8944272         -2.9802322E-08     0.4472134     
                                                     
 -0.6708204          0.6881911        -0.2763932     
  0.1624599          0.5000001         0.8506508     
  0.7236068          0.5257310        -0.4472139     
                                                     
  0.6708204         -0.1624599        -0.7236069     
  0.6881909          0.5000001         0.5257310     
  0.2763932         -0.8506508         0.4472136     
                                                                                                      
