   1.00000000000000       0.000000000000000E+000  0.000000000000000E+000
  0.000000000000000E+000   1.00000000000000       0.000000000000000E+000
  0.000000000000000E+000  0.000000000000000E+000   1.00000000000000

  0.499999985949645       0.809017008602784       0.309016979859940
 -0.809017008602784       0.309017003632885       0.499999971257157
  0.309016979859940      -0.499999971257157       0.809017017683240

 -0.309017040417193       0.500000023772944       0.809016962095885
 -0.500000023772944      -0.809016982931507       0.309016985868830
  0.809016962095885      -0.309016985868830       0.500000057485685

 -0.309017061118571      -0.499999990277411       0.809016974890040
  0.499999990277411      -0.809017011540107      -0.309016965167454
  0.809016974890040       0.309016965167454       0.500000049578464

  0.499999952454111      -0.809017021396938       0.309017000561317
  0.809017021396938       0.309016957343197      -0.499999979164378
  0.309017000561317       0.499999979164379       0.809017004889087

   1.00000000000000       0.000000000000000E+000  0.000000000000000E+000
  0.000000000000000E+000  -1.00000000000000       0.000000000000000E+000
  0.000000000000000E+000  0.000000000000000E+000  -1.00000000000000

  0.499999985949645      -0.809017008602784      -0.309016979859940
 -0.809017008602784      -0.309017003632885      -0.499999971257157
  0.309016979859940       0.499999971257157      -0.809017017683240

 -0.309017040417193      -0.500000023772944      -0.809016962095885
 -0.500000023772944       0.809016982931507      -0.309016985868830
  0.809016962095885       0.309016985868830      -0.500000057485685

 -0.309017061118571       0.499999990277411      -0.809016974890040
  0.499999990277411       0.809017011540107       0.309016965167454
  0.809016974890040      -0.309016965167454      -0.500000049578464

  0.499999952454111       0.809017021396938      -0.309017000561317
  0.809017021396938      -0.309016957343197       0.499999979164378
  0.309017000561317      -0.499999979164379      -0.809017004889087

  -1.00000000000000       0.000000000000000E+000  0.000000000000000E+000
  0.000000000000000E+000   1.00000000000000       0.000000000000000E+000
  0.000000000000000E+000  0.000000000000000E+000  -1.00000000000000

 -0.499999985949645       0.809017008602784      -0.309016979859940
  0.809017008602784       0.309017003632885      -0.499999971257157
 -0.309016979859940      -0.499999971257157      -0.809017017683240

  0.309017040417193       0.500000023772944      -0.809016962095885
  0.500000023772944      -0.809016982931507      -0.309016985868830
 -0.809016962095885      -0.309016985868830      -0.500000057485685

  0.309017061118571      -0.499999990277411      -0.809016974890040
 -0.499999990277411      -0.809017011540107       0.309016965167454
 -0.809016974890040       0.309016965167454      -0.500000049578464

 -0.499999952454111      -0.809017021396938      -0.309017000561317
 -0.809017021396938       0.309016957343197       0.499999979164378
 -0.309017000561317       0.499999979164379      -0.809017004889087

  -1.00000000000000       0.000000000000000E+000  0.000000000000000E+000
  0.000000000000000E+000  -1.00000000000000       0.000000000000000E+000
  0.000000000000000E+000  0.000000000000000E+000   1.00000000000000

 -0.499999985949645      -0.809017008602784       0.309016979859940
  0.809017008602784      -0.309017003632885       0.499999971257157
 -0.309016979859940       0.499999971257157       0.809017017683240

  0.309017040417193      -0.500000023772944       0.809016962095885
  0.500000023772944       0.809016982931507       0.309016985868830
 -0.809016962095885       0.309016985868830       0.500000057485685

  0.309017061118571       0.499999990277411       0.809016974890040
 -0.499999990277411       0.809017011540107      -0.309016965167454
 -0.809016974890040      -0.309016965167454       0.500000049578464

 -0.499999952454111       0.809017021396938       0.309017000561317
 -0.809017021396938      -0.309016957343197      -0.499999979164378
 -0.309017000561317      -0.499999979164379       0.809017004889087

  0.000000000000000E+000   1.00000000000000       0.000000000000000E+000
  0.000000000000000E+000  0.000000000000000E+000   1.00000000000000
   1.00000000000000       0.000000000000000E+000  0.000000000000000E+000

  0.309016979859940       0.499999985949645       0.809017008602784
  0.499999971257157      -0.809017008602784       0.309017003632885
  0.809017017683240       0.309016979859940      -0.499999971257157

  0.809016962095885      -0.309017040417193       0.500000023772944
  0.309016985868830      -0.500000023772944      -0.809016982931507
  0.500000057485685       0.809016962095885      -0.309016985868830

  0.809016974890040      -0.309017061118571      -0.499999990277411
 -0.309016965167454       0.499999990277411      -0.809017011540107
  0.500000049578464       0.809016974890040       0.309016965167454

  0.309017000561317       0.499999952454111      -0.809017021396938
 -0.499999979164378       0.809017021396938       0.309016957343197
  0.809017004889087       0.309017000561317       0.499999979164379

  0.000000000000000E+000   1.00000000000000       0.000000000000000E+000
  0.000000000000000E+000  0.000000000000000E+000  -1.00000000000000
  -1.00000000000000       0.000000000000000E+000  0.000000000000000E+000

 -0.309016979859940       0.499999985949645      -0.809017008602784
 -0.499999971257157      -0.809017008602784      -0.309017003632885
 -0.809017017683240       0.309016979859940       0.499999971257157

 -0.809016962095885      -0.309017040417193      -0.500000023772944
 -0.309016985868830      -0.500000023772944       0.809016982931507
 -0.500000057485685       0.809016962095885       0.309016985868830

 -0.809016974890040      -0.309017061118571       0.499999990277411
  0.309016965167454       0.499999990277411       0.809017011540107
 -0.500000049578464       0.809016974890040      -0.309016965167454

 -0.309017000561317       0.499999952454111       0.809017021396938
  0.499999979164378       0.809017021396938      -0.309016957343197
 -0.809017004889087       0.309017000561317      -0.499999979164379

  0.000000000000000E+000  -1.00000000000000       0.000000000000000E+000
  0.000000000000000E+000  0.000000000000000E+000   1.00000000000000
  -1.00000000000000       0.000000000000000E+000  0.000000000000000E+000

 -0.309016979859940      -0.499999985949645       0.809017008602784
 -0.499999971257157       0.809017008602784       0.309017003632885
 -0.809017017683240      -0.309016979859940      -0.499999971257157

 -0.809016962095885       0.309017040417193       0.500000023772944
 -0.309016985868830       0.500000023772944      -0.809016982931507
 -0.500000057485685      -0.809016962095885      -0.309016985868830

 -0.809016974890040       0.309017061118571      -0.499999990277411
  0.309016965167454      -0.499999990277411      -0.809017011540107
 -0.500000049578464      -0.809016974890040       0.309016965167454

 -0.309017000561317      -0.499999952454111      -0.809017021396938
  0.499999979164378      -0.809017021396938       0.309016957343197
 -0.809017004889087      -0.309017000561317       0.499999979164379

  0.000000000000000E+000  -1.00000000000000       0.000000000000000E+000
  0.000000000000000E+000  0.000000000000000E+000  -1.00000000000000
   1.00000000000000       0.000000000000000E+000  0.000000000000000E+000

  0.309016979859940      -0.499999985949645      -0.809017008602784
  0.499999971257157       0.809017008602784      -0.309017003632885
  0.809017017683240      -0.309016979859940       0.499999971257157

  0.809016962095885       0.309017040417193      -0.500000023772944
  0.309016985868830       0.500000023772944       0.809016982931507
  0.500000057485685      -0.809016962095885       0.309016985868830

  0.809016974890040       0.309017061118571       0.499999990277411
 -0.309016965167454      -0.499999990277411       0.809017011540107
  0.500000049578464      -0.809016974890040      -0.309016965167454

  0.309017000561317      -0.499999952454111       0.809017021396938
 -0.499999979164378      -0.809017021396938      -0.309016957343197
  0.809017004889087      -0.309017000561317      -0.499999979164379

  0.000000000000000E+000  0.000000000000000E+000   1.00000000000000
   1.00000000000000       0.000000000000000E+000  0.000000000000000E+000
  0.000000000000000E+000   1.00000000000000       0.000000000000000E+000

  0.809017008602784       0.309016979859940       0.499999985949645
  0.309017003632885       0.499999971257157      -0.809017008602784
 -0.499999971257157       0.809017017683240       0.309016979859940

  0.500000023772944       0.809016962095885      -0.309017040417193
 -0.809016982931507       0.309016985868830      -0.500000023772944
 -0.309016985868830       0.500000057485685       0.809016962095885

 -0.499999990277411       0.809016974890040      -0.309017061118571
 -0.809017011540107      -0.309016965167454       0.499999990277411
  0.309016965167454       0.500000049578464       0.809016974890040

 -0.809017021396938       0.309017000561317       0.499999952454111
  0.309016957343197      -0.499999979164378       0.809017021396938
  0.499999979164379       0.809017004889087       0.309017000561317

  0.000000000000000E+000  0.000000000000000E+000   1.00000000000000
  -1.00000000000000       0.000000000000000E+000  0.000000000000000E+000
  0.000000000000000E+000  -1.00000000000000       0.000000000000000E+000

 -0.809017008602784      -0.309016979859940       0.499999985949645
 -0.309017003632885      -0.499999971257157      -0.809017008602784
  0.499999971257157      -0.809017017683240       0.309016979859940

 -0.500000023772944      -0.809016962095885      -0.309017040417193
  0.809016982931507      -0.309016985868830      -0.500000023772944
  0.309016985868830      -0.500000057485685       0.809016962095885

  0.499999990277411      -0.809016974890040      -0.309017061118571
  0.809017011540107       0.309016965167454       0.499999990277411
 -0.309016965167454      -0.500000049578464       0.809016974890040

  0.809017021396938      -0.309017000561317       0.499999952454111
 -0.309016957343197       0.499999979164378       0.809017021396938
 -0.499999979164379      -0.809017004889087       0.309017000561317

  0.000000000000000E+000  0.000000000000000E+000  -1.00000000000000
   1.00000000000000       0.000000000000000E+000  0.000000000000000E+000
  0.000000000000000E+000  -1.00000000000000       0.000000000000000E+000

  0.809017008602784      -0.309016979859940      -0.499999985949645
  0.309017003632885      -0.499999971257157       0.809017008602784
 -0.499999971257157      -0.809017017683240      -0.309016979859940

  0.500000023772944      -0.809016962095885       0.309017040417193
 -0.809016982931507      -0.309016985868830       0.500000023772944
 -0.309016985868830      -0.500000057485685      -0.809016962095885

 -0.499999990277411      -0.809016974890040       0.309017061118571
 -0.809017011540107       0.309016965167454      -0.499999990277411
  0.309016965167454      -0.500000049578464      -0.809016974890040

 -0.809017021396938      -0.309017000561317      -0.499999952454111
  0.309016957343197       0.499999979164378      -0.809017021396938
  0.499999979164379      -0.809017004889087      -0.309017000561317

  0.000000000000000E+000  0.000000000000000E+000  -1.00000000000000
  -1.00000000000000       0.000000000000000E+000  0.000000000000000E+000
  0.000000000000000E+000   1.00000000000000       0.000000000000000E+000

 -0.809017008602784       0.309016979859940      -0.499999985949645
 -0.309017003632885       0.499999971257157       0.809017008602784
  0.499999971257157       0.809017017683240      -0.309016979859940

 -0.500000023772944       0.809016962095885       0.309017040417193
  0.809016982931507       0.309016985868830       0.500000023772944
  0.309016985868830       0.500000057485685      -0.809016962095885

  0.499999990277411       0.809016974890040       0.309017061118571
  0.809017011540107      -0.309016965167454      -0.499999990277411
 -0.309016965167454       0.500000049578464      -0.809016974890040

  0.809017021396938       0.309017000561317      -0.499999952454111
 -0.309016957343197      -0.499999979164378      -0.809017021396938
 -0.499999979164379       0.809017004889087      -0.309017000561317





































