 1.00000000000000    0.00000000000000    -0.00000000000000
-0.00000000000000    1.00000000000000    -0.00000000000000
-0.00000000000000    0.00000000000000     1.00000000000000
                                                          
-0.30901699437495   -0.50000000000000    -0.80901699437495
 0.50000000000000   -0.80901699437495     0.30901699437495
-0.80901699437495   -0.30901699437495     0.50000000000000
                                                          
-0.30901699437495    0.50000000000000    -0.80901699437495
-0.50000000000000   -0.80901699437495    -0.30901699437495
-0.80901699437495    0.30901699437495     0.50000000000000
                                                          
 0.50000000000000    0.80901699437495    -0.30901699437495
-0.80901699437495    0.30901699437495    -0.50000000000000
-0.30901699437495    0.50000000000000     0.80901699437495
                                                          
 0.50000000000000   -0.80901699437495    -0.30901699437495
 0.80901699437495    0.30901699437495     0.50000000000000
-0.30901699437495   -0.50000000000000     0.80901699437495
                                                                                                                                                                   
-0.80901699437495   -0.30901699437495     0.50000000000000
 0.30901699437495    0.50000000000000     0.80901699437495
-0.50000000000000    0.80901699437495    -0.30901699437495
                                                          
-0.80901699437495    0.30901699437495    -0.50000000000000
-0.30901699437495    0.50000000000000     0.80901699437495
 0.50000000000000    0.80901699437495    -0.30901699437495
                                                          
 0.30901699437495    0.50000000000000    -0.80901699437495
-0.50000000000000    0.80901699437495     0.30901699437495
 0.80901699437495    0.30901699437495     0.50000000000000
                                                                        
0.80901699437495   0.30901699437495     0.50000000000000
0.30901699437495   0.50000000000000     0.80901699437495
0.50000000000000   0.80901699437495     0.30901699437495
                                                                        
 0.50000000000000   -0.80901699437495     0.30901699437495
-0.80901699437495   -0.30901699437495     0.50000000000000
-0.30901699437495   -0.50000000000000    -0.80901699437495
                                                          
 0.50000000000000   -0.80901699437495    -0.30901699437495
-0.80901699437495   -0.30901699437495    -0.50000000000000
 0.30901699437495    0.50000000000000    -0.80901699437495
                                                          
 0.80901699437495   -0.30901699437495    -0.50000000000000
-0.30901699437495    0.50000000000000    -0.80901699437495
 0.50000000000000    0.80901699437495     0.30901699437495
                                                          
 0.80901699437495    0.30901699437495    -0.50000000000000
 0.30901699437495    0.50000000000000     0.80901699437495
 0.50000000000000   -0.80901699437495     0.30901699437495
                                                          
 0.50000000000000    0.80901699437495    -0.30901699437495
 0.80901699437495   -0.30901699437495     0.50000000000000
 0.30901699437495   -0.50000000000000    -0.80901699437495
                                                          
 0.50000000000000    0.80901699437495     0.30901699437495
 0.80901699437495   -0.30901699437495    -0.50000000000000
-0.30901699437495    0.50000000000000    -0.80901699437495
                                                          
 0.80901699437495    0.30901699437495     0.50000000000000
 0.30901699437495    0.50000000000000    -0.80901699437495
-0.50000000000000    0.80901699437495     0.30901699437495
                                                          
 0.30901699437495   -0.50000000000000    -0.80901699437495
 0.50000000000000    0.80901699437495    -0.30901699437495
 0.80901699437495   -0.30901699437495     0.50000000000000
                                                          
-0.80901699437495   -0.30901699437495    -0.50000000000000
 0.30901699437495    0.50000000000000    -0.80901699437495
 0.50000000000000   -0.80901699437495    -0.30901699437495
                                                          
-0.80901699437495    0.30901699437495     0.50000000000000
-0.30901699437495    0.50000000000000    -0.80901699437495
-0.50000000000000   -0.80901699437495    -0.30901699437495
                                                           
 0.50000000000000   -0.80901699437495     0.30901699437495
 0.80901699437495    0.30901699437495    -0.50000000000000
 0.30901699437495    0.50000000000000     0.80901699437495
                                                          
 0.50000000000000    0.80901699437495     0.30901699437495
-0.80901699437495    0.30901699437495     0.50000000000000
 0.30901699437495   -0.50000000000000     0.80901699437495
                                                          
-0.30901699437495    0.50000000000000     0.80901699437495
 0.50000000000000    0.80901699437495    -0.30901699437495
-0.80901699437495    0.30901699437495    -0.50000000000000
                                                          
-0.30901699437495    0.50000000000000    -0.80901699437495
 0.50000000000000    0.80901699437495     0.30901699437495
 0.80901699437495   -0.30901699437495    -0.50000000000000
                                                          
 0.00000000000000   -0.00000000000000     1.00000000000000
-1.00000000000000    0.00000000000000     0.00000000000000
-0.00000000000000   -1.00000000000000    -0.00000000000000
                                                          
 0.00000000000000   -1.00000000000000    -0.00000000000000
-0.00000000000000    0.00000000000000    -1.00000000000000
 1.00000000000000    0.00000000000000    -0.00000000000000
                                                          
 0.00000000000000    0.00000000000000     1.00000000000000
 1.00000000000000                   0    -0.00000000000000
 0.00000000000000    1.00000000000000    -0.00000000000000
                                                          
-0.30901699437495   -0.50000000000000    -0.80901699437495
-0.50000000000000    0.80901699437495    -0.30901699437495
 0.80901699437495    0.30901699437495    -0.50000000000000
                                                                                       
-0.30901699437495    -0.50000000000000     0.80901699437495
-0.50000000000000     0.80901699437495     0.30901699437495
-0.80901699437495    -0.30901699437495    -0.50000000000000
                                                           
-0.00000000000000    -1.00000000000000     0.00000000000000
 0.00000000000000     0.00000000000000     1.00000000000000
-1.00000000000000     0.00000000000000     0.00000000000000
                                                           
 1.00000000000000     0.00000000000000    -0.00000000000000
 0.00000000000000    -1.00000000000000    -0.00000000000000
-0.00000000000000    -0.00000000000000    -1.00000000000000
                                                                                                          