   1.000000       0.0000000E+00  0.0000000E+00
  0.0000000E+00    1.000000      0.0000000E+00
  0.0000000E+00   0.0000000E+00   1.000000    
                                              
  0.5000000      -0.8090170      0.3090170    
  0.8090170       0.3090170     -0.5000001    
  0.3090170       0.5000001      0.8090169    
                                              
 -0.3090170      -0.4999999      0.8090171    
  0.4999999      -0.8090171     -0.3090170    
  0.8090171       0.3090170      0.4999999    
                                              
   1.000000       0.0000000E+00  0.0000000E+00
  0.0000000E+00   -1.000000      0.0000000E+00
  0.0000000E+00   0.0000000E+00  -1.000000    
                                              
 -0.3090170      -0.4999999      0.8090171    
 -0.4999999       0.8090171      0.3090170    
 -0.8090171      -0.3090170     -0.4999999    
                                              
 -0.3090169       0.5000001      0.8090170    
  0.5000001       0.8090170     -0.3090171    
 -0.8090171       0.3090171     -0.4999999    
                                              
 -0.5000000       0.8090170     -0.3090170    
  0.8090170       0.3090170     -0.5000001    
 -0.3090170      -0.5000001     -0.8090169    
                                              
  0.3090169      -0.5000001     -0.8090170    
 -0.5000001      -0.8090170      0.3090171    
 -0.8090171       0.3090171     -0.4999999    
                                              
 -0.5000001      -0.8090171     -0.3090169    
 -0.8090171       0.3090172      0.5000001    
 -0.3090169       0.5000001     -0.8090169    
                                              
  -1.000000       0.0000000E+00  0.0000000E+00
  0.0000000E+00   -1.000000      0.0000000E+00
  0.0000000E+00   0.0000000E+00   1.000000    
                                              
  0.3090169      -0.5000001     -0.8090170    
  0.5000001       0.8090170     -0.3090171    
  0.8090171      -0.3090171      0.4999999    
                                              
 -0.5000001      -0.8090171     -0.3090169    
  0.8090171      -0.3090172     -0.5000001    
  0.3090169      -0.5000001      0.8090169    
