   1.000000      0.0000000E+00  0.0000000E+00            
  0.0000000E+00   1.000000      0.0000000E+00            
  0.0000000E+00  0.0000000E+00   1.000000                
                                                         
  0.5000000     -0.8660254     -5.9604645E-08            
  0.6454972      0.3726780     -0.6666667                
  0.5773503      0.3333334      0.7453560                
                                                         
 -0.3090170     -0.7557613      0.5773503                
  0.1784109     -0.6423504     -0.7453561                
  0.9341725     -0.1273220      0.3333331                
                                                         
 -0.3090169      0.1784111      0.9341725                
 -0.7557615     -0.6423504     -0.1273219                
  0.5773503     -0.7453561      0.3333332                
                                                         
  0.5000001      0.6454973      0.5773503                
 -0.8660254      0.3726782      0.3333335                
 -1.4901161E-07 -0.6666667      0.7453560                
                                                         
   1.000000      0.0000000E+00  0.0000000E+00            
  0.0000000E+00  -1.000000      0.0000000E+00            
  0.0000000E+00  0.0000000E+00  -1.000000                
                                                         
  0.5000000     -0.8660254     -5.9604645E-08            
 -0.6454972     -0.3726780      0.6666667                
 -0.5773503     -0.3333334     -0.7453560                
                                                         
 -0.3090170     -0.7557613      0.5773503                
 -0.1784109      0.6423504      0.7453561                
 -0.9341725      0.1273220     -0.3333331                
                                                         
 -0.3090169      0.1784111      0.9341725                
  0.7557615      0.6423504      0.1273219                
 -0.5773503      0.7453561     -0.3333332                
                                                         
  0.5000001      0.6454973      0.5773503                
  0.8660254     -0.3726782     -0.3333335                
  1.4901161E-07  0.6666667     -0.7453560                
                                                         
  0.3090169     -0.1784111     -0.9341725                
 -0.1784111     -0.9756837      0.1273220                
 -0.9341725      0.1273219     -0.3333331                
                                                         
 -0.5000001     -0.6454973     -0.5773503                
 -0.6454973     -0.1666667      0.7453562                
 -0.5773503      0.7453562     -0.3333331                
                                                         
  0.3090170      0.7557613     -0.5773503                
 -0.7557613      0.5636610      0.3333334                
  0.5773503      0.3333334      0.7453560                
                                                         
  0.3090169     -0.1784111     -0.9341725                
  0.1784111      0.9756837     -0.1273220                
  0.9341725     -0.1273219      0.3333331                
                                                         
 -0.5000001     -0.6454973     -0.5773503                
  0.6454973      0.1666667     -0.7453562                
  0.5773503     -0.7453562      0.3333331                
                                                         
  0.8090171     -0.4670862      0.3568219                
 -0.1102639      0.4756838      0.8726780                
 -0.5773504     -0.7453560      0.3333335                
                                                         
 -0.8090171      0.4670862     -0.3568219                
 -0.4670862     -0.1423504      0.8726780                
  0.3568222      0.8726781      0.3333334                
                                                         
 -0.8090171     -0.1102641     -0.5773501                
  0.1102641      0.9363390     -0.3333333                
  0.5773503     -0.3333333     -0.7453561                
                                                         
 -0.8090171      0.4670862     -0.3568219                
  0.4670862      0.1423504     -0.8726780                
 -0.3568222     -0.8726781     -0.3333334                
                                                         
  0.8090171     -0.4670862      0.3568219                
  0.1102639     -0.4756838     -0.8726780                
  0.5773504      0.7453560     -0.3333335                
                                                                                                                
